function val = f_linear(x)

c = [0.015273927029036; 0.746785676564429; 0.445096432287947];

val = c'*x;

